[
    [
        4433.88916015625,
        1545.033935546875
    ],
    [
        4428.52978515625,
        1550.9993896484375
    ],
    [
        4421.00634765625,
        1553.7979736328125
    ],
    [
        4413.55419921875,
        1550.6566162109375
    ],
    [
        4407.46875,
        1545.2991943359375
    ],
    [
        4404.7861328125,
        1537.692138671875
    ],
    [
        4406.35205078125,
        1529.7601318359375
    ],
    [
        4409.97021484375,
        1522.5498046875
    ],
    [
        4414.0166015625,
        1515.5235595703125
    ]
]